Colegio,geo_shape
CEIP Alejandra Soler,"{""coordinates"":[[-0.37177808124664763,39.464340667280304],[-0.37187075214131704,39.4640481410629],[-0.37192063445892726,39.46390837689637],[-0.37198401812429416,39.46366547627885],[-0.37196920615868806,39.46361932347956],[-0.3720014217731806,39.46353860972895],[-0.37203870170623243,39.463475822684295],[-0.3720356005242439,39.46343976330473],[-0.37202266811555756,39.4634280981582],[-0.3720641758833191,39.46336324909932],[-0.3721189496934951,39.4633406647882],[-0.3724722333171863,39.46275931498174],[-0.3725096963006322,39.46273108246266],[-0.37258216341049005,39.46255262857174],[-0.3725919670642891,39.46249732896783],[-0.37264383047694793,39.462492982682384],[-0.3727501789606365,39.462329168191886],[-0.37274120262115895,39.46216064841497],[-0.37281855130591857,39.462160084410336],[-0.37290764266540016,39.46213963310737],[-0.37369262077116466,39.46216227840068],[-0.3737225667921767,39.46209455758595],[-0.3737757665976167,39.4620709225114],[-0.3738615062545756,39.46205252891672],[-0.37390223537318035,39.46203955948347]],""type"":""LineString""}"
CEIP Alejandra Soler,"{""coordinates"":[[-0.37267253351236856,39.45646752187467],[-0.3726328365291048,39.457077098277104],[-0.37260934561909437,39.4573326281788],[-0.37258565760457185,39.4577547048373],[-0.3725478892940313,39.458139819822115],[-0.3724675356027842,39.45820959438099],[-0.3725976048198706,39.45839901633973],[-0.3727306033284798,39.45834491435095],[-0.3728227511540518,39.458361249338935],[-0.37296247592288,39.45855680975153],[-0.3732287401481004,39.45894309613659],[-0.3731513713920221,39.45912855764634],[-0.37323346351777104,39.459246996967984],[-0.37347294050946556,39.459284041050665],[-0.3741608850562308,39.46026752413077],[-0.3741879578835289,39.46036998667242],[-0.3742315890096748,39.4604233487536],[-0.37434657606114713,39.4605356775069],[-0.3747520899289261,39.46111269763825],[-0.3749999569530491,39.461467015620265],[-0.3749593792245616,39.46159936004909]],""type"":""LineString""}"
CEIP L'Albereda,"{""coordinates"":[[-0.3506009657582375,39.45971956562224],[-0.3493398447545236,39.459452367666245],[-0.34814911783633906,39.45917021505265]],""type"":""LineString""}"
CEIP L'Albereda,"{""coordinates"":[[-0.345942167121646,39.45870908575827],[-0.3444701811757631,39.458378715703894],[-0.34421750878795515,39.458326521618226],[-0.34400719392169776,39.45828735684765],[-0.3410182286035474,39.45763526662784]],""type"":""LineString""}"
CEIP L'Albereda,"{""coordinates"":[[-0.34779258072711255,39.45561295223754],[-0.34760938555381254,39.45558487121775],[-0.34750709857095996,39.45556919207907],[-0.34739871968532815,39.45548724309779],[-0.3469542025244196,39.455640142864915],[-0.34692120167553187,39.45572224682411],[-0.34667497502355077,39.455929820130464],[-0.3466226911512717,39.45596169137128],[-0.34657174766032506,39.45611810614282],[-0.3465346433814403,39.45626427497043]],""type"":""LineString""}"
Colegio Salesianos,"{""coordinates"":[[-0.37295423615607337,39.491204228191634],[-0.3728297375616482,39.49111410937443],[-0.37260124524428423,39.490944554549664],[-0.3723682094662878,39.490770946192846],[-0.3720605857201134,39.49053967450129],[-0.3718798003518951,39.4904046296744],[-0.37185898285983127,39.490378668514836],[-0.3718621704282703,39.49032680417371],[-0.37177339822876687,39.49023812922838],[-0.37167310877877086,39.4902368165617],[-0.37159896001323833,39.4901965853829],[-0.37157175204362247,39.490176533507345],[-0.37136233285585735,39.49001566877179],[-0.3713395642188956,39.489965128907585],[-0.3712420651169345,39.48991162365092],[-0.371144250891989,39.48985556260415],[-0.3710028722596727,39.489755182747395],[-0.3708248953013338,39.48962211150774],[-0.37055929014558786,39.489424605592546],[-0.37033852043289256,39.489259498509384],[-0.37032353677670543,39.489215188525385],[-0.37016330109702533,39.489080606137804],[-0.3700479371253823,39.489048362542924],[-0.3699689801674095,39.488983009575655],[-0.36963927559657467,39.48874613372792],[-0.36941620837916417,39.48857667212694],[-0.3691889179202409,39.48840472446077],[-0.36893070210365136,39.48821869359029]],""type"":""LineString""}"
Colegio Salesianos,"{""coordinates"":[[-0.3751974531612377,39.49021298080198],[-0.37495888681587725,39.49011025618592],[-0.374785049347057,39.49003540273906],[-0.37474190333616797,39.48999456952473],[-0.37456254012115126,39.48995536923541],[-0.3744837104411733,39.490095665370454],[-0.3744817405388955,39.4901746034502],[-0.37438357021866253,39.49044097084317],[-0.37429462949815434,39.49068229061611],[-0.3741612900372805,39.491017809832194]],""type"":""LineString""}"
Colegio Salesianos,"{""coordinates"":[[-0.37652961204482316,39.48835631342921],[-0.37632446118095325,39.488644898996355],[-0.37599718587724235,39.489104352459755],[-0.375756765289177,39.489441413043295],[-0.37552222642616656,39.48975922356366],[-0.3753147262795844,39.49004837123877],[-0.3751974531612377,39.49021298080198],[-0.3750440459385176,39.490427980694065],[-0.3747640754694281,39.49084199486828],[-0.37459865659704095,39.49106498017673],[-0.37437903357794755,39.49137014899032],[-0.37431674466342885,39.491458395807136],[-0.37427300161850635,39.49147961844113],[-0.3742380187942072,39.491551114260005],[-0.3741912515418176,39.491657122106545],[-0.37406161324487053,39.49178890231568]],""type"":""LineString""}"
Colegio Nuestra Señora del Rosario,"{""coordinates"":[[-0.3321017567700608,39.46780341577061],[-0.3321358341469184,39.467623719738285],[-0.33216916049572665,39.46747386140819],[-0.3322244440735682,39.467203566606436],[-0.3321961144076209,39.467160713917686],[-0.3321537383417497,39.4671551880821],[-0.3321560926684924,39.46709357731179],[-0.3322044528719343,39.467082354540786],[-0.3322595022584849,39.46703216035237],[-0.33250713573720186,39.46580788505741],[-0.3324701030319687,39.46579093008638],[-0.33247014536546526,39.4657434612986],[-0.3324855930978665,39.46571309787974],[-0.33252722692521014,39.465714209382256],[-0.33253931873591475,39.46567235845372],[-0.33263622024302103,39.465192215864576]],""type"":""LineString""}"
CEIP La Purisima (Tres Forques),"{""coordinates"":[[-0.3967310238426222,39.46405837319038],[-0.39717634963591336,39.4640495633348],[-0.39742226794876684,39.46403923047862],[-0.39761031651630824,39.464015219526615],[-0.3979008427647872,39.464008752038964],[-0.3982326508461992,39.46399254785612],[-0.3984919469414404,39.4639878427455],[-0.39871040634805877,39.463967510685436],[-0.39910866490838887,39.463949131943814],[-0.39950679738482153,39.463935007488715],[-0.3998539301123963,39.46394277444945],[-0.3999950486039082,39.46392606893892],[-0.4003290471406517,39.463914442804274],[-0.40059287540150834,39.463899097639306],[-0.4006848297097822,39.463947457050054],[-0.4008287901232526,39.46393433113633],[-0.40095529360449134,39.46392844963551],[-0.4010385260411722,39.46388065246099],[-0.401431130153195,39.46386671757677],[-0.40146306521748143,39.46386992977633],[-0.4015767178602719,39.463866134990546],[-0.4016638620142147,39.46385228544762],[-0.40171228486393107,39.46385008793313],[-0.403236116426298,39.46379117242025],[-0.4033189280746729,39.46379242994852],[-0.40339004270754314,39.46382860470584],[-0.40339603881437824,39.46391305063034],[-0.4034728497218944,39.46501141759396],[-0.40361183549238583,39.464987622343706],[-0.40365495639219917,39.46497252833603],[-0.40402748901030605,39.465025065708275],[-0.40404499038652403,39.46496579288152],[-0.40417497614567555,39.46498452485739],[-0.40467278418580593,39.46506728207159]],""type"":""LineString""}"
CEIP Vicente Gaos,"{""coordinates"":[[-0.3504269175513401,39.474389846024096],[-0.35032714369587836,39.4745767459355],[-0.3502569410468578,39.474710277419305],[-0.35014862157965826,39.47491722497261],[-0.350094726486431,39.474990942518374],[-0.3500510259275929,39.475076961541845],[-0.3493158984267987,39.474859858728855],[-0.34917204964592224,39.475153770780004],[-0.34899338204817754,39.47551882229502],[-0.34875264468300043,39.47598996060948],[-0.3487280523881759,39.476033899155574],[-0.34877223763673143,39.47609583704641],[-0.34876414463982414,39.4762007710193]],""type"":""LineString""}"
CEIP Vicente Gaos,"{""coordinates"":[[-0.3510560767887696,39.478156180832514],[-0.35098432509086325,39.47813515563774],[-0.3503068686391711,39.478134524090734],[-0.3501047864940415,39.47813567618719],[-0.34947590594133665,39.478143837368805],[-0.3486062378086794,39.47815396961903],[-0.34852817356555554,39.47815218840984],[-0.3485782712412077,39.47764619749235]],""type"":""LineString""}"
CEIP Sector Aéreo,"{""coordinates"":[[-0.394864858739561,39.465329872226434],[-0.3992947897667981,39.46612851654141]],""type"":""LineString""}"
Colegio Santiago Apóstol,"{""coordinates"":[[-0.3279369104903589,39.47426930131924],[-0.3285821977035405,39.47429435882983],[-0.3286597302041632,39.474315398239106],[-0.3287646274238244,39.47431744023188],[-0.3288303671893643,39.47430006369851],[-0.3291167822678528,39.47432125563947],[-0.3292046227928437,39.474327085246706],[-0.32934774528011984,39.4743227271068],[-0.3296038938705437,39.474345684335916],[-0.3296754116588581,39.474349973660296],[-0.32971802461747685,39.47432577708693],[-0.3297201248420317,39.474270880222335]],""type"":""LineString""}"
Colegio Santiago Apóstol,"{""coordinates"":[[-0.3300401895149458,39.4751997237092],[-0.33009353028452737,39.47521103364587]],""type"":""LineString""}"
CEIP Santa Teresa,"{""coordinates"":[[-0.38032656622228683,39.47639446947911],[-0.3802795526377555,39.47654837802161],[-0.3802420600500501,39.476671111838215],[-0.3802092066689443,39.4768470804937],[-0.38019694588351877,39.47693420470253],[-0.38021403502819334,39.476993574146945],[-0.38022601759361996,39.477184619916684],[-0.3802656378192372,39.47722413291763],[-0.3802999224097071,39.47736188003071],[-0.38028231214414493,39.47740257664345],[-0.38014045484327214,39.47763578100956],[-0.38021607506699473,39.47765028914419],[-0.38027223976308744,39.47767091162404],[-0.38035120681045115,39.47768213664344],[-0.38033632749991664,39.47776280468299],[-0.3803081045881765,39.477994527742304],[-0.38067244788536875,39.478022220517325],[-0.38075981609130316,39.47802884375269],[-0.3806920423511962,39.47839929461609],[-0.3807140431746795,39.47840527957942],[-0.3807040704619631,39.47844479618228],[-0.38130516004534754,39.47855635635202],[-0.38131984624556453,39.47856795910985],[-0.381325384854705,39.478584147502865],[-0.38139548992694144,39.478593183877216]],""type"":""LineString""}"
CEIP Santa Teresa,"{""coordinates"":[[-0.37893381317326014,39.479111531841106],[-0.37910911600410857,39.47891103398903],[-0.3792395519284769,39.47884583779689],[-0.3793571945434709,39.47878057726008],[-0.3797905292614052,39.47891666847695],[-0.3798376994811583,39.478827497315706],[-0.3798994361932434,39.47884085931031]],""type"":""LineString""}"
CEIP Santa Teresa,"{""coordinates"":[[-0.3799915017511196,39.481004737601566],[-0.38001725209008486,39.480816281358024],[-0.37996378450346624,39.480579037443185],[-0.3798482603193687,39.4800664405695],[-0.3798415849688341,39.4799038030109],[-0.3798266649226075,39.479799659203884],[-0.3799065920336894,39.47977980154466],[-0.379860731919699,39.47958868473237],[-0.3798416150311427,39.47955953816771],[-0.3798243976651971,39.479541228763466],[-0.37975113692555795,39.479476336043525],[-0.37965194698784027,39.47938512317777],[-0.3797928826736828,39.47906446752096],[-0.37985579298200994,39.47893244690374],[-0.3798994361932434,39.47884085931031],[-0.38019309271278096,39.47890723361931],[-0.3805435265119258,39.478975446511186],[-0.381149418880676,39.4790762016368],[-0.38118855440501737,39.47907994300186],[-0.38120805670752816,39.47906404145888],[-0.381264331196802,39.479071645535235],[-0.3813266295356831,39.47883587314113]],""type"":""LineString""}"
CEIP San Juan de Ribera,"{""coordinates"":[[-0.3710767302930355,39.46759120487893],[-0.3711164241113956,39.46753854013022],[-0.3718242134091504,39.467241655629124],[-0.37195264708365583,39.46723055953594],[-0.3720604270666027,39.46719086269193],[-0.37213509149901985,39.46711125479371],[-0.37277798252533434,39.46684094392433],[-0.3729245922899144,39.466824319049],[-0.373005139150606,39.466788133518996],[-0.37303427546795015,39.4667501029597],[-0.3730681561632712,39.46671784977301],[-0.3739536602967735,39.46634564567697]],""type"":""LineString""}"
CEIP San Juan de Ribera,"{""coordinates"":[[-0.3711611435713852,39.46254181652921],[-0.37144945768869625,39.46286932321129],[-0.371524794436807,39.462968633870574],[-0.3715750496118497,39.46315050231572],[-0.371653113504858,39.463230111068114],[-0.37180353921598985,39.46331962451022],[-0.37204562844226735,39.4634482808613],[-0.3720403167882241,39.46351965368279],[-0.37219744359647194,39.463568934406524],[-0.3721945681649257,39.463624833854006],[-0.37236626283560925,39.4636416832507],[-0.3724480562545655,39.46367522011769],[-0.3725889894925402,39.463756861360174],[-0.37273407295910255,39.463899674119965],[-0.37291509191926236,39.464090531276284],[-0.37314105671488845,39.46432872283638],[-0.3733834416985472,39.46457644072754],[-0.3735138875775365,39.464702321186344],[-0.3735982700840838,39.464654684320045],[-0.37382569856658227,39.464685349394394],[-0.3740005497604566,39.46486050731568],[-0.3741497302529042,39.46498518881496],[-0.3741393964588303,39.46500589988542]],""type"":""LineString""}"
CEIP Max Aub,"{""coordinates"":[[-0.36955387608013235,39.48813305124566],[-0.3693514420216308,39.488078687755696],[-0.36910025263059537,39.48800879698551],[-0.3690648102227949,39.48798963553865]],""type"":""LineString""}"
CEIP Max Aub,"{""coordinates"":[[-0.3691366620076499,39.49022280711418],[-0.369251664315799,39.49013004325005],[-0.36948663240625207,39.48994051232988],[-0.3695298996854245,39.4899362352244],[-0.36958817534074917,39.48989299712947],[-0.36958858229906744,39.48985827665709],[-0.3701033253008872,39.48944478295553],[-0.369996769425857,39.489356587029796],[-0.3699638031862685,39.489328095665144],[-0.3703245390223913,39.489246123885685],[-0.3703357860262873,39.48921344417546],[-0.3701763757625377,39.48908897931206],[-0.37017178455882666,39.48904163343441],[-0.37029326412398206,39.48893862887803],[-0.37036715223127564,39.48887597577048],[-0.3704126492582944,39.4887779783435],[-0.37053275100154454,39.48851424306325],[-0.37057768540801617,39.48841052307339]],""type"":""LineString""}"
CEIP Max Aub,"{""coordinates"":[[-0.37465491022949343,39.486650267376284],[-0.3743751670123375,39.48667940784669],[-0.37393887963976813,39.48672485349401],[-0.37351863602798946,39.48676862685999],[-0.3733503838386895,39.4867809907936],[-0.37311092022371706,39.48680474428511],[-0.37295622016139895,39.48680995475421],[-0.37287291917195303,39.486825591686156],[-0.3728012558330935,39.486887759833664],[-0.3727610280503404,39.486999800466904],[-0.3726832889877578,39.48721588926299],[-0.3726753431378715,39.487237975680046],[-0.37272054981423014,39.48733904654294],[-0.37267308737909344,39.487481382210106],[-0.37265605628030724,39.48751376021855]],""type"":""LineString""}"
CEIP Max Aub,"{""coordinates"":[[-0.37115616118886774,39.487223104434285],[-0.37107140731403776,39.48741590066769],[-0.3709058426657657,39.48781581418756],[-0.370741912910995,39.48784893010896],[-0.37063506541937674,39.48782243462493],[-0.37058446026573155,39.48793648640732]],""type"":""LineString""}"
CEIP Giner de los Ríos,"{""coordinates"":[[-0.39964167144949336,39.47745415974157],[-0.3995665300047438,39.4772001871569],[-0.39956071535874965,39.477093049363674],[-0.3995315367358813,39.47698368877087],[-0.3997653331490458,39.476941247516436],[-0.399790955719016,39.477073397378796],[-0.4013506975998158,39.47673894696382]],""type"":""LineString""}"
CEIP Giner de los Ríos,"{""coordinates"":[[-0.39676736823326714,39.479548153255585],[-0.39700081951745225,39.47944651755047],[-0.3983018531815478,39.47889047946407],[-0.39832100849834073,39.47882602952797],[-0.3985961302723304,39.47866105458138],[-0.3986469927270348,39.47863918826854],[-0.39867406454617343,39.478669101773754],[-0.3988196806297772,39.47859975209913],[-0.39890861443977493,39.47856678045738],[-0.3989956157648987,39.478541148218845],[-0.3999299554078649,39.47827560766774],[-0.3997980069168534,39.477881781512075],[-0.39973209313009356,39.47771963972171],[-0.39991662483004004,39.477684854198095],[-0.3999407687440814,39.47773367267719],[-0.39998271665174256,39.47774733709075],[-0.40077765439962504,39.47758587814696]],""type"":""LineString""}"
CEIP Chiner de Villarroya,"{""coordinates"":[[-0.33298172851190944,39.47417491615113],[-0.332994908705459,39.47411621055488]],""type"":""LineString""}"
CEIP Cervantes,"{""coordinates"":[[-0.38403137741971405,39.473697055866346],[-0.3840435630547406,39.47372909071299],[-0.3840459159403179,39.47388767069355],[-0.38407607758302276,39.474207521644466],[-0.38411869451870445,39.47458100488116],[-0.38412521623158263,39.47463018209534],[-0.3841538661044159,39.474657141720506],[-0.38415829840228943,39.47471591852566],[-0.38414013945051817,39.47474270734133],[-0.38415370212519945,39.47489063718164],[-0.3842482776867258,39.47563825702512],[-0.38430592029304295,39.47566223867108],[-0.3843305923499799,39.47576411870254],[-0.3842618752899771,39.47577527526407],[-0.3842364088437148,39.475923933725],[-0.38422112583699924,39.47601314890589],[-0.3841434067161177,39.476511090596865],[-0.3841233286179068,39.47664108245348],[-0.3841049306997379,39.47676020517152],[-0.38411919289398055,39.47677850238295],[-0.38410181837267154,39.476853323038064],[-0.3840846099128373,39.47689176719144],[-0.38405074966354347,39.47702994137136]],""type"":""LineString""}"
CEIP Antonio Machado,"{""coordinates"":[[-0.3776972167626866,39.492390565095945],[-0.37722656248350267,39.49249415275701],[-0.3769374958767463,39.49255777336015],[-0.37679817847893715,39.49258948673548],[-0.37675068766400555,39.492544617529745],[-0.3766652029987807,39.49256089788062],[-0.3766759683110355,39.49262184112427],[-0.3763522274699132,39.49268777552085],[-0.3758837339184116,39.49279375145735],[-0.3758566100876886,39.49276692247063],[-0.37574855416175135,39.4927905606415],[-0.37573910236100666,39.492830337094496],[-0.37508279654053633,39.49297384058105],[-0.3750455697384262,39.49297294283084],[-0.37501511584434066,39.49293336128269],[-0.37492965052849925,39.49294913538933],[-0.37492670142947665,39.493008991479236],[-0.37443342163247056,39.49311582400915],[-0.3744671387130994,39.493191524417796],[-0.3744141087099855,39.49322075683597],[-0.3744319612613315,39.49326239426867],[-0.3743168105043262,39.493290938202186],[-0.3745194063399034,39.49380121608197],[-0.374499930675906,39.493837291239544],[-0.3745125744734996,39.49390030137125],[-0.3745452271469758,39.493899449139626],[-0.37460441551133233,39.494023342677814],[-0.3746856150592856,39.49421176152013],[-0.3748231336867108,39.494530860970826],[-0.3747853551967803,39.4945453403375],[-0.3748226406791964,39.494630151649325],[-0.37485898088851294,39.49463603111589],[-0.3749776999728968,39.49494831572232],[-0.37493868969355404,39.49496409880268],[-0.37497661059803444,39.49504943071296],[-0.37501488420363804,39.49504732159767],[-0.3752896742008303,39.49577693941037],[-0.3752763298885896,39.49579422127329],[-0.3749147290446804,39.495867423910205],[-0.374896371968769,39.495843678273914],[-0.3748486864153583,39.49585653926386],[-0.37482681827114184,39.4958624378046],[-0.3748240653736898,39.49589390267592],[-0.3744219858574027,39.49597703214461],[-0.37403737370687773,39.49606198467003],[-0.37399453969414226,39.49602819316965],[-0.3739203705367629,39.49604438934734],[-0.373914810894135,39.496089055256625],[-0.3736435030365615,39.4961543678629],[-0.3736702527347783,39.49623668827987],[-0.37366355378416133,39.49632935953432],[-0.37372794430438727,39.49651746030118],[-0.37361454195546084,39.49680946455946]],""type"":""LineString""}"
CEIP Antonio Machado,"{""coordinates"":[[-0.3745314074107589,39.49831763329898],[-0.37470097593835355,39.498791491488895],[-0.37484452050805467,39.49876238254808],[-0.37498026987445404,39.4987117915955],[-0.37528722459738967,39.4986373040455],[-0.37530296408316033,39.49860073359001],[-0.37539774179500035,39.498580617525754],[-0.37541545801828224,39.49860167030253],[-0.37558350836790844,39.49856069271559],[-0.37559045795403523,39.49852993161986],[-0.3756930818876388,39.498505342215005],[-0.3757133343438375,39.49852796930739],[-0.37623677042648407,39.49840608078859],[-0.37625751881287306,39.49837544296712],[-0.3763673888525161,39.4983475175854],[-0.3764025809782587,39.49836854592383],[-0.37703072161242235,39.498217149512506],[-0.3770346906836096,39.498192621766016],[-0.37714648486986496,39.49817269651781],[-0.3771759295533678,39.49818704190606],[-0.3773281491716206,39.498145461171234],[-0.37731864193437364,39.498112997896214],[-0.37727271069275786,39.49799674801886],[-0.37719817379354925,39.49785000275766],[-0.3771606835026766,39.49784593042754],[-0.3771213855259047,39.49776433379634],[-0.37716102916374916,39.497743581548946],[-0.3771059444490626,39.49762224042437],[-0.37707147535153385,39.497623482972195],[-0.377034336600447,39.49753462894679],[-0.3770839533472373,39.497514745090484],[-0.37694935176359057,39.49669612404377],[-0.3769168350449658,39.49668729828716],[-0.3769098187162185,39.496601260227024],[-0.3769369066555644,39.49658568480437],[-0.37695391436956954,39.496565535081416],[-0.3770390028091192,39.49654062784849],[-0.37707868725215204,39.49655021626169],[-0.3777013507176473,39.496404445344744],[-0.37772426855642827,39.49636666810611],[-0.3777985342591251,39.49635367428634],[-0.3778191287455492,39.496377536632195],[-0.3782227025085308,39.49628672479073],[-0.3782200807957091,39.49625544304574],[-0.37831504455525805,39.49623027032266],[-0.3783465641092972,39.49625788980192],[-0.37911076628301055,39.4960849082618],[-0.379116890680233,39.49605411840188],[-0.37921037828007953,39.49603346377263],[-0.3792375192512574,39.496056251944005],[-0.3805828935063109,39.49575543465121]],""type"":""LineString""}"
CEIP Jaime Balmes,"{""coordinates"":[[-0.3715741243848233,39.463146985075156],[-0.37150208333648915,39.463124061625095],[-0.3712252211386019,39.46298500882444],[-0.3709919919353589,39.462865931176864],[-0.37097853495133076,39.46282532949883],[-0.3709216996559232,39.46279836418961],[-0.3708844070189734,39.462797329553915],[-0.3704407936680026,39.46258834723739],[-0.3703517622686845,39.46253603662612],[-0.3702555858642501,39.4625376972388],[-0.3701031875525918,39.46253623691991],[-0.3699726344257698,39.46236783324979],[-0.36983496291738344,39.46218284169379],[-0.36975940175352306,39.46215813394614],[-0.36971746413400813,39.462059753748505],[-0.36958525950377735,39.46188099990246],[-0.36927062787295845,39.46142452749083],[-0.3692266044037248,39.46136065765236]],""type"":""LineString""}"
CEIP Alejandra Soler,"{""coordinates"":[[-0.3698621792501188,39.460677385536925],[-0.37051697289059177,39.46039971271587],[-0.37063178260281815,39.46038599443087],[-0.37073285593973726,39.460344016361724],[-0.3708270839898286,39.460268204839885],[-0.3718152992926112,39.45984912534094],[-0.37199633611379773,39.45977235075416],[-0.372104658835734,39.459818012684735],[-0.3722002814764634,39.459784084655304],[-0.3722936370999282,39.45992391034957],[-0.3729163698679622,39.460797966441724],[-0.3730683458870874,39.46096410162672],[-0.3731201074166502,39.46109960728781],[-0.3733711574812013,39.46143628119073],[-0.3735377061311323,39.46168430723447],[-0.3737625264523706,39.461995158368914],[-0.37390223537318035,39.46203955948347],[-0.37439718045481585,39.46183814995236]],""type"":""LineString""}"
CEIP Alejandra Soler,"{""coordinates"":[[-0.3756707179782018,39.46432942133747],[-0.3754815636078757,39.464050801087836],[-0.37523268831081624,39.46404663625721],[-0.3751536182277746,39.46397483218928],[-0.37466574574690464,39.463280149350176],[-0.3746790148451562,39.463239346433156],[-0.37460666338829474,39.46316220741226],[-0.37455988830966047,39.46312941631712],[-0.37415452258971094,39.46255219891495],[-0.37396969032049543,39.462289005987856],[-0.37396426621684814,39.462281281796656],[-0.37399017968892917,39.462197445833],[-0.37393320106297306,39.46218289558543],[-0.3739248395011235,39.462126667381575],[-0.3738615062545756,39.46205252891672]],""type"":""LineString""}"
CEIP L'Albereda,"{""coordinates"":[[-0.3427486020506116,39.45946803412411],[-0.34227965755094747,39.4593366998778],[-0.34215006730369674,39.45938786541827],[-0.3405059377320106,39.45897318333563]],""type"":""LineString""}"
CEIP L'Albereda,"{""coordinates"":[[-0.34155005171048375,39.45554165402879],[-0.3415951541841134,39.455535991289786]],""type"":""LineString""}"
CEIP L'Albereda,"{""coordinates"":[[-0.33946012949070525,39.461048733165],[-0.33978124276645266,39.46086349658104],[-0.3398430152701091,39.460766533120406],[-0.3400008799301828,39.46017987824182],[-0.3399929099336434,39.46011982991848],[-0.3400393782052308,39.46003854442737],[-0.34026173423153944,39.459210463756875],[-0.34021413875160295,39.459164498244704],[-0.34025561926367526,39.458998262098504],[-0.340342359252506,39.45894725315597],[-0.34050612499206184,39.458973118253375],[-0.3405738262730464,39.45889400755197],[-0.3406286994201219,39.45875414006592],[-0.34069104442203885,39.458636533904745],[-0.3407557870262086,39.45855166725484],[-0.34099758121283563,39.45770931381863],[-0.34100969057151037,39.457655897743294],[-0.3410429273820474,39.45757558921147],[-0.3412771749039956,39.4567072711553],[-0.34155005171048375,39.45554165402879]],""type"":""LineString""}"
CEIP 8 de Març,"{""coordinates"":[[-0.3910846743555307,39.46108668689052],[-0.3914363045911368,39.461292508325954],[-0.39155441388072726,39.46126659226043],[-0.39165748485477536,39.46127264693008],[-0.3920584345982289,39.46152197074333],[-0.39217123484509936,39.46157912425504],[-0.39208769121696757,39.46166274248584],[-0.3923555723554071,39.46182043141336],[-0.39240466925507234,39.46182153301019],[-0.39250268908293834,39.461875424904875],[-0.3925202364076177,39.46191201877943],[-0.3927551088945716,39.46205561602672],[-0.3930950449044084,39.46229827933698],[-0.39323249066257315,39.46236449710091],[-0.39332540296112817,39.46237523226047],[-0.3936567109136371,39.46252640584223],[-0.39516524033664574,39.46319465848981],[-0.39524133755414925,39.463196364062725],[-0.395350760561682,39.463264123308505],[-0.39547166769380787,39.46333166685783],[-0.3961003159092048,39.463609554808585],[-0.39625415948363163,39.46361103050264],[-0.3964912269299828,39.46370936495094],[-0.3964896822757154,39.46375079260143],[-0.3963561001071381,39.463830439832776],[-0.39642330875767734,39.46395509444905],[-0.39642833690609897,39.4640712895067],[-0.3963443883785535,39.46417672652382],[-0.3963311957544898,39.46420321962759],[-0.3962126177438806,39.46459960471195],[-0.39614782871771015,39.46461205194757],[-0.39606594713083104,39.46462778366977],[-0.3960270273397205,39.46467997004536],[-0.39598213576474234,39.4648484013837]],""type"":""LineString""}"
Colegio Salesianos,"{""coordinates"":[[-0.3726997161752166,39.49400068485789],[-0.3728328693207873,39.493781820564024],[-0.37298018761671814,39.49356834649718],[-0.3730472091291648,39.49339973577267],[-0.37305111110088895,39.49336105567456],[-0.37311820014076863,39.49326659126152],[-0.3731823385829556,39.49315408040879],[-0.37324182250627014,39.49315583776949],[-0.3732972344603357,39.493064166837655],[-0.37344108239898455,39.492797584483874],[-0.37360542390445534,39.4924740090525],[-0.37370236033950105,39.49228616109997],[-0.37372559889743506,39.49219921213043],[-0.3736558364087419,39.49206994324078],[-0.3736228248933364,39.49203924652733],[-0.37375847776314797,39.49176223279928],[-0.3737593301257201,39.491739593213225]],""type"":""LineString""}"
Colegio Salesianos,"{""coordinates"":[[-0.3744840518117166,39.49009558479802],[-0.37440710678193706,39.49007344758891]],""type"":""LineString""}"
Colegio Nuestra Señora del Rosario,"{""coordinates"":[[-0.3324854516622626,39.465712845091126],[-0.3323328904981925,39.465701729829874],[-0.3323284135196663,39.4657321171436],[-0.33201601653653484,39.46570988926184],[-0.332030033959474,39.465600895410084],[-0.3320549259524848,39.46545864229627],[-0.33208260956205116,39.465279889483696],[-0.33191923946914453,39.46525304582494],[-0.33195722545820994,39.46514017266233]],""type"":""LineString""}"
Colegio Nuestra Señora del Rosario,"{""coordinates"":[[-0.33306824262965073,39.463278097613056],[-0.33300206024388274,39.463628624333715],[-0.33295942537870266,39.463627645892885],[-0.3329302814141533,39.46362697704991],[-0.3328869060376383,39.463848451624266],[-0.3328645105687578,39.46387739983896],[-0.3328511750628002,39.46392940035255],[-0.33288214702916197,39.463971913543226],[-0.3326432413989905,39.465159115841004]],""type"":""LineString""}"
Colegio Nuestra Señora del Rosario,"{""coordinates"":[[-0.3293306412961723,39.464515344347625],[-0.32989659530235593,39.46456778305561],[-0.3306731115112087,39.46463972641253],[-0.3311131740553638,39.464699632947635],[-0.3317500291818758,39.46477575961967],[-0.3317226833128094,39.46492114723126],[-0.3320076223653752,39.46499185034018],[-0.33196639174305087,39.46511661083869]],""type"":""LineString""}"
CEIP La Purisima (Tres Forques),"{""coordinates"":[[-0.40526818218542904,39.46945430245071],[-0.4053572110791344,39.46920723994892],[-0.40536685402301226,39.469086795359594],[-0.4054075320979688,39.46895634566585],[-0.4054382071347137,39.468917687111],[-0.40551406355723113,39.46871227552826],[-0.4056724506618017,39.46818605108789],[-0.4057792977170376,39.46785231730519],[-0.40576138419633917,39.46759316188983],[-0.4057470090691174,39.467466408215095],[-0.4056477011713742,39.467318887733676],[-0.4055980096974071,39.46725138056167],[-0.4054916546006682,39.467235027209824],[-0.40555151048435595,39.46704848859413],[-0.40558773038996426,39.466973250843935],[-0.4055669130731071,39.46682600955746],[-0.4055496423766559,39.46672748888241],[-0.40553135625031855,39.46656299270249],[-0.4055341676860701,39.466474510258855],[-0.40551837065321344,39.46632951612746],[-0.40548921782926406,39.46622909506881],[-0.40547917957190344,39.46610919750013],[-0.405482013506705,39.46603033790002],[-0.4054637602968565,39.46582605307546],[-0.4054384459042106,39.46577313303614],[-0.4053928328869859,39.465739092790066],[-0.40533969526017294,39.46572338328945],[-0.4053604825818191,39.46560309105362],[-0.40529332944542273,39.465597478340854],[-0.40497297750162065,39.46554181384484],[-0.4047966537398805,39.4655026150232],[-0.404818846908476,39.46544258560366],[-0.40490026778333305,39.46532017541083],[-0.40489766530359583,39.465183805396336],[-0.40489633023821325,39.46511387236769],[-0.4048484454924307,39.465090907105754],[-0.40478143283570706,39.465084718871196],[-0.4047402766554012,39.4650781341508]],""type"":""LineString""}"
Colegio La Purísima (Grau),"{""coordinates"":[[-0.33367538805340496,39.463119953048846],[-0.33366067341947503,39.46308479484124],[-0.33368584763961834,39.46284603705859],[-0.3337281267818657,39.46250221710719],[-0.3337532981638246,39.462297517690686],[-0.33380734251024885,39.46183815564278],[-0.33383487158281716,39.461795141627526],[-0.3339235075991619,39.46179376884428],[-0.33401091392751575,39.461805426865304]],""type"":""LineString""}"
Colegio La Purísima (Grau),"{""coordinates"":[[-0.33853767326120787,39.46161100240063],[-0.33819408353437813,39.46150302352134],[-0.3379340936709503,39.46142131649621],[-0.3378178416529984,39.46138478152163],[-0.3378075634790288,39.461361729604846],[-0.3376801871041804,39.46132501353541],[-0.3376235346428423,39.46132371570086],[-0.3371247153401745,39.46118460344142],[-0.3370156979917508,39.461152141437246],[-0.33672308031145176,39.461065008537496],[-0.33648975506665335,39.46099958189479],[-0.3360767923692783,39.46087592887015],[-0.33574044721395374,39.460776596000144],[-0.3353374146455076,39.46065829940188],[-0.3345548812516293,39.46042653171955],[-0.3345449946965679,39.460449214221086],[-0.33445553180772203,39.46063807576055],[-0.33454365175770984,39.46067225899821],[-0.3343723579366802,39.4617672390471],[-0.3340788695771286,39.46172588810582]],""type"":""LineString""}"
CEIP Vicente Gaos,"{""coordinates"":[[-0.34705267410939517,39.47419021339716],[-0.3473256422416097,39.47427512458323],[-0.3473757143521562,39.47430713877542],[-0.34768272622690627,39.47438285625183],[-0.34795565813047485,39.47446267339589],[-0.3485841049451794,39.4746312132866],[-0.3493158984267987,39.474859858728855]],""type"":""LineString""}"
CEIP Sector Aéreo,"{""coordinates"":[[-0.3990547681150594,39.470215520140755],[-0.3991347229021543,39.46993674671386],[-0.3992271179310828,39.469614593029455],[-0.39919102758457653,39.469533156318505],[-0.39923716076550647,39.46934501503719],[-0.3992404913093167,39.46933143038403],[-0.39934505609474125,39.469276383264955],[-0.399433478191603,39.46899876750507],[-0.3994351120537877,39.46895490583609],[-0.3992631914675382,39.46892650949583],[-0.3992769966035155,39.4688834463252],[-0.3994146791682338,39.4684053675471],[-0.39958653201626443,39.46843439545696],[-0.39987238171620804,39.467469912112435]],""type"":""LineString""}"
Colegio Santiago Apóstol,"{""coordinates"":[[-0.32972817717794234,39.47396496672912],[-0.32973562812856694,39.47382128118034],[-0.32974229594318505,39.4736926870704],[-0.3297715009323811,39.473551553580165],[-0.3298040779253096,39.47339413230582],[-0.32982277475787947,39.473287575169266],[-0.329839760157071,39.47318354889265],[-0.3298632270706181,39.4730570335077],[-0.32989050589097857,39.47290996220061],[-0.32991682950917905,39.47277433614627],[-0.3299453827038068,39.47264599622142],[-0.32995990735489067,39.47257207369902],[-0.32997133585098004,39.47256566081944],[-0.3299822478458404,39.47251841751867],[-0.32997379425978923,39.472501391374415],[-0.3299890554426491,39.47240429189427],[-0.33001680879269796,39.47225734945617],[-0.33003250752978297,39.47217798019083],[-0.3300266170147702,39.472139255955604],[-0.3299367048287678,39.47212141039999]],""type"":""LineString""}"
Colegio Santiago Apóstol,"{""coordinates"":[[-0.33138211887654817,39.47436542518731],[-0.3310530726719925,39.47431484257141],[-0.3309283940450289,39.47430509807242],[-0.330829737068926,39.474297388039005],[-0.3306969821705461,39.47429338732874],[-0.3305594567868602,39.474285101334615],[-0.33048049666705503,39.47427560120343],[-0.33047365067814055,39.47430202778892],[-0.330472033437467,39.47430389057746],[-0.3301284001801498,39.474288829484955]],""type"":""LineString""}"
Colegio Santiago Apóstol,"{""coordinates"":[[-0.3300401895149458,39.4751997237092],[-0.3301044232125555,39.47435377114572],[-0.3301267363628549,39.47433232593293],[-0.3301284001801498,39.474288829484955],[-0.33009280083876125,39.474273078699056],[-0.3300277805005554,39.47426804075065],[-0.3300431345400611,39.47401072410511]],""type"":""LineString""}"
CEIP Santa Teresa,"{""coordinates"":[[-0.38357272284387833,39.47817078218537],[-0.38343419441670257,39.478151765233534],[-0.38335786729160565,39.47814311790394],[-0.38334073980700556,39.478225951000226],[-0.3830987022110471,39.478192762565634],[-0.38259310129492485,39.47812343363758],[-0.38251447825935125,39.47811265210858],[-0.38249872055830614,39.478110491807804],[-0.38249608033164384,39.47818088742858],[-0.3824501587164953,39.47818315836994],[-0.3824446140079109,39.47819145669815],[-0.3823979577715389,39.47818479957033],[-0.3823236918725847,39.47840788259463],[-0.38226413650442215,39.47843268543913],[-0.3821832797787634,39.47868207871832],[-0.3821453275642812,39.47867471848877],[-0.3814404325946863,39.47854209696579],[-0.3814272400983676,39.47858762652006],[-0.38139548992694144,39.478593183877216],[-0.3813361220940842,39.478804064397835]],""type"":""LineString""}"
CEIP San Juan de Ribera,"{""coordinates"":[[-0.3720185682558771,39.46897926258219],[-0.37234642097835,39.46875419336971],[-0.3726681444713,39.468529508942844],[-0.3727841850049583,39.468448468563906],[-0.372811522619058,39.46841226854119],[-0.3728899172504523,39.46836466536548],[-0.3730110802188436,39.46828910528764],[-0.3733405413847143,39.46805648412764],[-0.3736088217312114,39.46787177457231],[-0.37362392414073675,39.4678096560965],[-0.3734865168179597,39.46762088746305],[-0.3731553953148554,39.46714559458018],[-0.3729838695979031,39.46690248064581],[-0.3729245922899144,39.466824319049]],""type"":""LineString""}"
CEIP San Juan de Ribera,"{""coordinates"":[[-0.3700740736443287,39.464359510808585],[-0.3705052926003562,39.46444787285028],[-0.3713902799002784,39.46463856223614],[-0.3714301561381298,39.46466951031004],[-0.37162370459306593,39.46470182864155],[-0.3718050658813607,39.46474300866421],[-0.3718872503440853,39.46474583387485],[-0.3723764518669773,39.46485130525966],[-0.3727775090079641,39.46494008052755],[-0.3728390892548005,39.46500731163434],[-0.37300661671656266,39.46499838272919],[-0.3732233418608283,39.465066454819066],[-0.37333461865339895,39.465097996279546],[-0.3734995487306965,39.465129787190875],[-0.3736638479573791,39.46519955011751],[-0.3737398253970527,39.4651816117059],[-0.37389021185826204,39.46522550284459]],""type"":""LineString""}"
CEIP San Juan de Ribera,"{""coordinates"":[[-0.37779663326607477,39.46346707830751],[-0.3775587175908177,39.46355667268464],[-0.377236308171833,39.46369806304296],[-0.3769139310916504,39.463836206444654],[-0.37683077260412656,39.4638850075998],[-0.3767290464761225,39.46393089053683],[-0.3765967099358419,39.463968803287436],[-0.377236308171833,39.46369806304296],[-0.376198290321871,39.46414048585228],[-0.37586310732126355,39.464276766025804],[-0.3755838626546151,39.464399760128316],[-0.37528784969943507,39.464510653484],[-0.3752059278969814,39.4645532797196],[-0.37492550202031627,39.46467031863896],[-0.374498642574915,39.46485138505952],[-0.3741393964588303,39.46500589988542],[-0.3741539143698236,39.465057413216854],[-0.3740719163608998,39.465161365221405],[-0.37389021185826204,39.46522550284459],[-0.374005737896695,39.465465405124654],[-0.3742266222360732,39.46589622849092],[-0.37430564738861083,39.46605378423066],[-0.3742930982720303,39.46610885977337],[-0.37433574216191295,39.46618089997381]],""type"":""LineString""}"
CEIP San Juan de Ribera,"{""coordinates"":[[-0.37759403985401596,39.46756034563139],[-0.3773513277635882,39.46749845895035],[-0.37720911064810125,39.46745142064895],[-0.377090961914619,39.46741872327639],[-0.3769146588488557,39.46735914710231],[-0.37679420243720835,39.46732139835904],[-0.37674105822229476,39.467283397804515],[-0.37667056018876754,39.46718089345686],[-0.3765308320151782,39.46715122453279],[-0.37641005856475895,39.4671843134507],[-0.37627956325996187,39.46718898790998],[-0.3761571426204917,39.46719152206186],[-0.3758399781613898,39.46711614701834],[-0.3753398829720426,39.46699284712464],[-0.3752735303841646,39.46697763264744],[-0.37495770862694083,39.466999400392645],[-0.37477646186011043,39.46704130245542]],""type"":""LineString""}"
CEIP San Juan de Ribera,"{""coordinates"":[[-0.37546430604791964,39.469083163355535],[-0.3754133393531297,39.46893469955286],[-0.3753587178623004,39.468695451707745],[-0.37527786498410326,39.46842273918246],[-0.3752275797048323,39.46826708544769],[-0.375164401063309,39.468040021418226],[-0.3750973153303025,39.467798917176026],[-0.3750553340355852,39.46764803099757],[-0.3750055963581681,39.46743409629611],[-0.37496024659503413,39.46730628480561],[-0.3748126381494355,39.46712510150948],[-0.37477879422603505,39.467077322772624],[-0.3747722674344165,39.46697653714],[-0.37454857687877585,39.46652846261705],[-0.3744522429087167,39.46633549518877],[-0.37436807988980214,39.46616690570383],[-0.3741290403567312,39.46627035003502],[-0.3740020094814306,39.46632532248041]],""type"":""LineString""}"
CEIP Max Aub,"{""coordinates"":[[-0.369187773161114,39.48693297519858],[-0.36904295848686924,39.48701664539237],[-0.3689772566854983,39.487086682846865],[-0.36918398505082584,39.48722733376161],[-0.36934492352591863,39.48734959407343],[-0.3694988606535941,39.487466534545604],[-0.36961039731592027,39.487546836673495],[-0.36961731591337893,39.48755134452593]],""type"":""LineString""}"
CEIP Max Aub,"{""coordinates"":[[-0.3721803146903213,39.485378360935535],[-0.3720536866190309,39.48565876813696],[-0.3717297491394481,39.48638943828362],[-0.37171909934982106,39.486424134311655],[-0.3718343507801841,39.48648087752921],[-0.371712483360191,39.48662132989686],[-0.3716460378025181,39.486595277142264],[-0.3714537745701034,39.48701191149363],[-0.3714247477969494,39.4870889843329],[-0.3714744359981767,39.48711780581109],[-0.37142064036775513,39.48728178178514]],""type"":""LineString""}"
CEIP Max Aub,"{""coordinates"":[[-0.3749545864036986,39.4879633983436],[-0.37459712312585197,39.48789347520286],[-0.3744120197791032,39.48785726657352],[-0.37409433158605376,39.48779512154344],[-0.37379092643037704,39.48773576957105],[-0.37358132479001666,39.48770197341804],[-0.37339215136894055,39.487677396091314],[-0.37330402394328394,39.487640521097035],[-0.372610948358104,39.487504935974364],[-0.3725716739476894,39.48750918561905],[-0.37241101684119554,39.4874678879972],[-0.37203024933735085,39.48739644985734],[-0.3718629821480143,39.48735860819608],[-0.3714626120629537,39.487286757265935],[-0.3713197217632612,39.48726981797173],[-0.3711852565439888,39.48724456212813],[-0.37114898828155773,39.487217815264195],[-0.3709057730152137,39.487172182949244],[-0.37040913239322715,39.48707899929997],[-0.3703475543936212,39.487045770567164],[-0.3702693079645809,39.487036445904],[-0.3701582366076837,39.487090829711555],[-0.36976065907906547,39.48742151182632],[-0.3696349795095329,39.48754176086442]],""type"":""LineString""}"
CEIP Las Arenas,"{""coordinates"":[[-0.32732745338275365,39.467170026593934],[-0.32728606462622634,39.46749849159651],[-0.32754031815690304,39.4675134124857],[-0.32759006260945067,39.46743708674707],[-0.32783870380508817,39.46745746062873],[-0.32787521863348973,39.46753306372374],[-0.3281871795656973,39.46755136949878],[-0.3281611210778644,39.46771472931495],[-0.3282083333032513,39.46777513818954],[-0.3281197329390238,39.467807996463065],[-0.3281311157912054,39.467902827343835],[-0.32803905750824663,39.46862109486373],[-0.32801436907960113,39.46863469614088],[-0.32800342630765017,39.468703287456925],[-0.32802372382007583,39.46874072779022],[-0.3279297752035155,39.46946315602787],[-0.3279198712759993,39.46953930881741],[-0.3278683752189361,39.46954727848464],[-0.32785099268116064,39.469583170452914],[-0.32783590406959207,39.46965323573034],[-0.3278996775240713,39.46969458830799],[-0.32787073411246465,39.46991714558682],[-0.3277844918987878,39.47047881522951],[-0.32774843248591307,39.470713651668355],[-0.3275834259364607,39.471788237861816],[-0.32758070246613796,39.471805970168056]],""type"":""LineString""}"
CEIP Giner de los Ríos,"{""coordinates"":[[-0.3958975353987964,39.47837561869028],[-0.39616163700361257,39.478267355420975],[-0.3969287424828915,39.477941072264564],[-0.39745953020676583,39.47771530021849],[-0.39746567966929014,39.4776561328961],[-0.39747238679651187,39.477646072513465],[-0.39777053391464134,39.47775833448888],[-0.3980041264654142,39.47783451767498],[-0.3980280724409213,39.47784302485238],[-0.39806412501227156,39.47782476313268],[-0.3980683936566931,39.47776526898249],[-0.39958178159832636,39.47746600308033],[-0.39964167144949336,39.47745415974157],[-0.39973209313009356,39.47771963972171]],""type"":""LineString""}"
CEIP Giner de los Ríos,"{""coordinates"":[[-0.4000247745950157,39.480585825460004],[-0.39963238652508265,39.48003447863036],[-0.39964518703862106,39.479926186299444],[-0.39958984664681074,39.47984299110008],[-0.39946085688717625,39.47979345956981],[-0.3988658793349326,39.47895047158783],[-0.39889567789835806,39.47888736336877],[-0.39879006157412894,39.47881698447317],[-0.39867406454617343,39.478669101773754]],""type"":""LineString""}"
CEIP Giner de los Ríos,"{""coordinates"":[[-0.4017377444402652,39.47665631689851],[-0.40177535096451983,39.47665019751112],[-0.40198825379239056,39.47728640221851],[-0.40199125982808376,39.47729880250371]],""type"":""LineString""}"
CEIP Giner de los Ríos,"{""coordinates"":[[-0.401430060084773,39.4756046277822],[-0.4015673764900436,39.476000423597824],[-0.4015370084208504,39.47613975431076],[-0.40160674775191685,39.4763211172237],[-0.40170240999386253,39.47657914103471],[-0.4017377444402652,39.47665631689851],[-0.401416131713125,39.47672222588111]],""type"":""LineString""}"
CEIP Giner de los Ríos,"{""coordinates"":[[-0.40326231126073325,39.47706124630187],[-0.4025353960017296,39.47722377080592],[-0.4022499914214073,39.47726583784579],[-0.4022069081821241,39.47725893521686],[-0.40199125982808376,39.47729880250371],[-0.4020029519829493,39.47734348821427],[-0.40194933264530425,39.47735293518243]],""type"":""LineString""}"
CEIP Giner de los Ríos,"{""coordinates"":[[-0.4032382842462966,39.478399326235035],[-0.4026445361817257,39.478379467695106],[-0.4025638338207615,39.478357147174755],[-0.40236058064997854,39.47835817855602]],""type"":""LineString""}"
CEIP Chiner de Villarroya,"{""coordinates"":[[-0.33353664267475175,39.47159284426269],[-0.3335156723030877,39.47165422606629],[-0.3332960170183882,39.47256802703812],[-0.3332534296695691,39.47258403840745],[-0.3332231221858435,39.47265708118512],[-0.3332794085175818,39.47268450810254],[-0.3333456676519166,39.47269061765611],[-0.3332855940071093,39.47292780567966],[-0.33329328994408974,39.47294311425638],[-0.3332762669459142,39.47299224912276],[-0.3332526871318507,39.473053152972774],[-0.33324425727213347,39.47309344206537]],""type"":""LineString""}"
CEIP Chiner de Villarroya,"{""coordinates"":[[-0.3316054238120059,39.47397632389655],[-0.332173006956302,39.4740557645423],[-0.3322497378824954,39.4740665041973],[-0.3329174731239322,39.474165400218816],[-0.3329998096168932,39.47417759412123],[-0.33297624752550764,39.47423308766085],[-0.3330658642876103,39.47424579724431]],""type"":""LineString""}"
CEIP Antonio Machado,"{""coordinates"":[[-0.3724518244009794,39.49613531690702],[-0.37293060476138695,39.49625160596772],[-0.37300940816482514,39.49629822789089],[-0.373127424251217,39.49632894487166],[-0.37299471523446487,39.49668546787724],[-0.37312261220415743,39.496717788411864],[-0.3735975474660958,39.4968272907206],[-0.37361454195546084,39.49680946455946],[-0.37370006086832286,39.49682707826275],[-0.3737010219466225,39.49685114707187],[-0.3739101053627095,39.496905238198195],[-0.37387338037604734,39.49700246760938],[-0.37361904764155346,39.49759134122298],[-0.37358480519319903,39.497654523981566],[-0.373818422648103,39.497705615915365],[-0.37391658129901356,39.497700498677844],[-0.3743110110203504,39.49778528908369],[-0.3742633646351755,39.497897198416716],[-0.3740801991989486,39.49785894999286]],""type"":""LineString""}"
CEIP Jaime Balmes,"{""coordinates"":[[-0.36971700395723006,39.46082552618718],[-0.3698798615032003,39.460712479493026],[-0.3697672339086838,39.46052754111435],[-0.3694573518132194,39.459790648032865],[-0.36948325624921896,39.45967116056311],[-0.3693586614208359,39.45950900984877],[-0.3692536373891114,39.45952065565885],[-0.36916470161166176,39.45955542629664],[-0.3688164030628643,39.45891492901032],[-0.3688109775467605,39.458904950549716],[-0.3687448697436636,39.45889187034508],[-0.3687055066800393,39.458827739164484],[-0.3686515511873543,39.45870048443955],[-0.36853845239211996,39.45854397770564],[-0.36848845413101383,39.45840778838988],[-0.36842752649467925,39.45828531341789],[-0.36836534743271526,39.45818735725816],[-0.36827210285056017,39.45804244642714]],""type"":""LineString""}"
CEIP Jaime Balmes,"{""coordinates"":[[-0.3676851870560265,39.46306997565482],[-0.3678251988767465,39.46301536896103],[-0.36800057734709235,39.46294360493393],[-0.3684666365188439,39.462747903576464],[-0.3687181141309837,39.46262855552355],[-0.36884408303568694,39.46257750971762],[-0.3689492821062229,39.46254625975032],[-0.36938797712649135,39.462357109724245],[-0.369699934511067,39.46222260453398],[-0.36981061700171264,39.462174880969904],[-0.3701612430842018,39.462037035334205],[-0.37057292676499115,39.461862389879364],[-0.370590012200618,39.461833194242935],[-0.37070205230839814,39.4617922859565],[-0.3708508257962225,39.46174903567478],[-0.37103563532166356,39.46166942286308],[-0.37135601906669025,39.461531405639285],[-0.3714214874397942,39.461497054799324],[-0.3714406866923559,39.461466587051724],[-0.3715297679783979,39.461431476549535],[-0.3716539585977134,39.461416078489314],[-0.3719833557022081,39.46127390668878],[-0.3723991751587609,39.46110113280214],[-0.37251364373121815,39.46103352239895],[-0.37261651791239,39.46101639004514],[-0.3726951127850998,39.460980537970556],[-0.37279392902042935,39.46093228379774],[-0.3728495483621093,39.4608648931196],[-0.3729165637352267,39.46083844197527],[-0.37293783350358284,39.460831536452844],[-0.37317997699341027,39.460778800261785],[-0.37420194157141656,39.46033492683433]],""type"":""LineString""}"
CEIP Alejandra Soler,"{""coordinates"":[[-0.3778550420236896,39.46038602567997],[-0.37656852804530183,39.46092471009689],[-0.3763998294339769,39.460935231300645],[-0.37627750308622476,39.46098256593103],[-0.3761609312346545,39.46109944681993],[-0.37519513219265144,39.46149411434072],[-0.37479725569333594,39.46167204943745],[-0.37446586914258767,39.46181588878315]],""type"":""LineString""}"
CEIP Alejandra Soler,"{""coordinates"":[[-0.3698621792501188,39.460677385536925],[-0.37051697289059177,39.46039971271587],[-0.37063178260281815,39.46038599443087],[-0.37073285593973726,39.460344016361724],[-0.3708270839898286,39.460268204839885],[-0.3718152992926112,39.45984912534094],[-0.37199633611379773,39.45977235075416],[-0.372104658835734,39.459818012684735],[-0.3722002814764634,39.459784084655304],[-0.3722936370999282,39.45992391034957],[-0.3729163698679622,39.460797966441724],[-0.3730683458870874,39.46096410162672],[-0.3731201074166502,39.46109960728781],[-0.3733711574812013,39.46143628119073],[-0.3735377061311323,39.46168430723447],[-0.3737625264523706,39.461995158368914],[-0.37390223537318035,39.46203955948347],[-0.37439718045481585,39.46183814995236]],""type"":""LineString""}"
CEIP L'Albereda,"{""coordinates"":[[-0.3476802406012061,39.46068277754634],[-0.3480487679393812,39.45967322448822],[-0.3480230947851282,39.45959640643678],[-0.34806415385254774,39.459237486204614],[-0.34816927236475076,39.45915425735041],[-0.3481799882449102,39.45882332950957],[-0.34817405883054775,39.45870795040159],[-0.3481575578092541,39.458565413662775],[-0.3481223313906663,39.45839462515049],[-0.34804844486336656,39.45811609420446],[-0.3479726848770366,39.45788308772938],[-0.3478988823166346,39.45771104409352],[-0.34781930046964904,39.45757637564923],[-0.34762377951899215,39.45725602818752],[-0.3474865249159121,39.45708170735639],[-0.34738271230313145,39.456974968626774],[-0.34731556581456036,39.45694741600484],[-0.34709846948625117,39.45690385803972],[-0.3469581125405648,39.45684203489824],[-0.34692654032508036,39.45683334410798],[-0.34689112777349185,39.45685113431206],[-0.34674895052864607,39.456733135705704],[-0.34662422676986426,39.456600228599484],[-0.3466485644260189,39.4565698030737],[-0.346580415148833,39.45635338074624],[-0.34655187221550554,39.45629200184417],[-0.3465346433814403,39.45626427497043],[-0.346256457587748,39.456101810255326],[-0.3460670120757487,39.45601357123876],[-0.3457267902100627,39.45586133968357],[-0.34551283042765496,39.455793832139435],[-0.345500677538889,39.455824308710135],[-0.3453479724237369,39.455780061504655],[-0.3453141943584483,39.45571963116946],[-0.3448458162676706,39.45560931713335],[-0.3446105464796179,39.45556638619668],[-0.3443995754218599,39.45554294824348],[-0.3442573492080294,39.455520029486046],[-0.34413831647776394,39.45549227224688],[-0.34415903803459474,39.45533676792402],[-0.3437271540278952,39.455330312155475],[-0.3430494298399111,39.45536483718219],[-0.342451169073105,39.45542952770879],[-0.341655949410433,39.45552639300036]],""type"":""LineString""}"
CEIP 8 de Març,"{""coordinates"":[[-0.39190299822582,39.46472335776446],[-0.39206094872502384,39.464762963770895],[-0.39210465788772075,39.46480792209753],[-0.3941878600346841,39.46531503857285],[-0.39421842849614275,39.46530392691897],[-0.39425603967394124,39.46525193975504],[-0.3943643788717125,39.465229888246974],[-0.39448518468105376,39.465185965225864],[-0.39472383898991664,39.4653613616556],[-0.39483619285573524,39.465338152884456],[-0.3948892816922518,39.46516981029101],[-0.3958372620767136,39.46534343809006],[-0.3959404317756915,39.46498458494199]],""type"":""LineString""}"
Colegio Salesianos,"{""coordinates"":[[-0.36814138721894224,39.492497099133466],[-0.36836058249367126,39.492317347360995],[-0.36850454386186104,39.49220992620607],[-0.3686335193630155,39.4921190686268],[-0.3687994905142389,39.49197220699821],[-0.36894755897038156,39.49186751153878],[-0.36897128667862794,39.491814232285385],[-0.368952859462623,39.491756144546926],[-0.36902283985157935,39.491697826280706],[-0.3690821473203548,39.491704287040946],[-0.369150410769661,39.49167690644429],[-0.3691622972033258,39.491656277952224],[-0.3692631396579455,39.49156815554056],[-0.3694076155385891,39.49144648760516],[-0.3695865060629573,39.49130084609438],[-0.3699292475214881,39.49104540368499],[-0.36994589162413544,39.491008916566955],[-0.3700525571198408,39.49092819711792],[-0.37008431136164877,39.490892975378465],[-0.3700975218802704,39.49088480073822],[-0.3701914442669103,39.490819740946975],[-0.37033126651167136,39.49070710137617],[-0.37041057162180385,39.49064036467904],[-0.3705290819377353,39.490727737099924],[-0.37064327576183154,39.490811925321964],[-0.37066689123929264,39.490795849352374],[-0.37070856605003183,39.490744254179184],[-0.3708272962997263,39.490658112565136],[-0.37103523995993787,39.49048928894764],[-0.3712522628182398,39.49031528941118],[-0.3713131433230967,39.49031666672937],[-0.37138834134466925,39.490368731417405],[-0.3714146266201889,39.490235695424765],[-0.37145631780130395,39.490087863296]],""type"":""LineString""}"
Colegio Salesianos,"{""coordinates"":[[-0.3718621704282703,39.49032680417371],[-0.3719129796283706,39.49028541308498],[-0.3720015091318841,39.49023822843502],[-0.37212618511203,39.490225328779644],[-0.37219839260796933,39.490222501562926],[-0.3728065511391997,39.49018171463703],[-0.3733593830427619,39.49014627277118],[-0.37219839260796933,39.490222501562926],[-0.3738303473829268,39.490113046338465],[-0.37433278435275297,39.49007714638596],[-0.37440710678193706,39.49007344758891]],""type"":""LineString""}"
Colegio Salesianos,"{""coordinates"":[[-0.3751957778094208,39.48832959064925],[-0.37492319336336627,39.48903317818224],[-0.37487341279695685,39.48908116936754],[-0.37485306896933124,39.48915123492588],[-0.37486601564458544,39.48918075998514],[-0.3746318122516601,39.48978526238127],[-0.37459139990836027,39.48988956722088],[-0.3745705553559293,39.48991147583005],[-0.37456254012115126,39.48995536923541]],""type"":""LineString""}"
Colegio Salesianos,"{""coordinates"":[[-0.37385995546949025,39.49174007297476],[-0.3739013570171836,39.49167447264259],[-0.3741473116979873,39.49105559832913]],""type"":""LineString""}"
Colegio Salesianos,"{""coordinates"":[[-0.37734001932188066,39.49145133580287],[-0.3772505511423649,39.49133715984283],[-0.37722488566728096,39.49134167858261],[-0.3771500662285021,39.49123165562288],[-0.37686053570898387,39.49128681990491],[-0.376758842194723,39.49131203958286],[-0.37640631363796534,39.491391385175845],[-0.3763652946143741,39.49139204182848],[-0.3762824193306491,39.49141042131959],[-0.37625238231329217,39.4914260300257],[-0.3759416032447627,39.49149426678428],[-0.37592004316927874,39.491499000466504],[-0.37589672991945344,39.49149424074774],[-0.37579838216419326,39.49152001260035],[-0.3757784827941422,39.491534007842255],[-0.37543124409155365,39.49160632235718],[-0.3754214981441676,39.491591062076765],[-0.3753114470036578,39.49161582773636],[-0.3753006612785112,39.49163351695608],[-0.3751228850216119,39.49167639079731],[-0.3749702083107405,39.4917095487996],[-0.3747509086552455,39.49175864864634],[-0.3757784827941422,39.491534007842255],[-0.37450321526078467,39.491810967657806],[-0.37445391210338513,39.49180985360432],[-0.37440864973519833,39.491798041036496],[-0.37437964071409346,39.491782091342515],[-0.3742886457113838,39.49182878515434],[-0.3741431029672693,39.4918060597263],[-0.374012941134358,39.49177865483382],[-0.3738592301141198,39.49174037729288],[-0.3736996511786691,39.49173912538131],[-0.3736505250647293,39.49173294035016],[-0.37345313778610334,39.49157669800981],[-0.37299487680931037,39.491230843636814]],""type"":""LineString""}"
Colegio Nuestra Señora del Rosario,"{""coordinates"":[[-0.3351264066673757,39.46602029649947],[-0.33495577169851554,39.46600246770368],[-0.33468455263904817,39.46598042465487],[-0.3345719495522874,39.46596588834715],[-0.33448408086893194,39.46596413241306],[-0.3343699708105827,39.46594660197272],[-0.33411993200664014,39.465927848754895],[-0.3338388499442659,39.46590676573154],[-0.3335505450472808,39.465883419067666],[-0.33332126281956154,39.46586794120342],[-0.332507302300231,39.46580778437924]],""type"":""LineString""}"
CEIP La Purisima (Tres Forques),"{""coordinates"":[[-0.4022418749427922,39.45869718798435],[-0.40231097890054346,39.4588082648278],[-0.4024569852400167,39.459042956429826],[-0.40259129731417936,39.45925884629104],[-0.4027067824467622,39.45945147242618],[-0.40275921259245334,39.459528749054606],[-0.4029140916833122,39.4597713742704],[-0.4030255370179099,39.45995682796477],[-0.4031639995859657,39.46018723848621],[-0.40329776473125345,39.460401135177484],[-0.4033575683071784,39.4605093450988],[-0.4033998536030803,39.46058072551449],[-0.4033575683071784,39.4605093450988],[-0.40349481269014303,39.4607377235458],[-0.40363632161262,39.46096917632869],[-0.40382305692973375,39.461274599185046],[-0.40394094822677756,39.46146741929952],[-0.40403370812394235,39.46161126350428],[-0.4040992510311574,39.46172633535911],[-0.4043323700903908,39.462101965159015],[-0.40472847037877957,39.462760760601796],[-0.40478457633074055,39.462852271311185],[-0.404934288025493,39.462860503447985],[-0.40509045081025,39.462948093313834],[-0.4051550733091066,39.463032027478185],[-0.40518366298706887,39.463312449027725],[-0.4051937882577753,39.46346385974104],[-0.4050768817642471,39.46346691426861],[-0.4050220695107961,39.463481427957106],[-0.40502650079687447,39.46360346792734],[-0.4051191600940779,39.46362586259007],[-0.40504329474757156,39.46385351494148],[-0.4050740524893211,39.46387812289416],[-0.4051439544512986,39.46395665252157],[-0.40518035101205535,39.464011641652014],[-0.4051925474292977,39.46403006768692]],""type"":""LineString""}"
Colegio La Purísima (Grau),"{""coordinates"":[[-0.33392364686633313,39.46179365222285],[-0.33394853169847905,39.4617009339107],[-0.33403190404275995,39.461717946962516]],""type"":""LineString""}"
Colegio La Purísima (Grau),"{""coordinates"":[[-0.3375163015061163,39.462395278983294],[-0.3374055194539129,39.462333546200156],[-0.3370676247730737,39.462279823539674],[-0.3367847249601699,39.462234843762936],[-0.33673465937930824,39.462243107876034],[-0.3366798697674276,39.46223244082067],[-0.33664075165518476,39.46221195300416],[-0.3362991883032048,39.462163735771966],[-0.33620857024859063,39.46215094281723],[-0.33587593360492896,39.46209793270301],[-0.3356306772404148,39.46205884625263],[-0.3355831727143709,39.46207720343077],[-0.3355066962623203,39.46206618455765],[-0.3354829501234289,39.462035303154956],[-0.33501634944143005,39.46196410867461],[-0.3350014674309474,39.46197120593092],[-0.3349367121704196,39.46196228244405],[-0.3349305732612278,39.46195102036427],[-0.3346075127232333,39.46190172613246],[-0.3344419898865359,39.4618733043292],[-0.3344224608169368,39.461885439820065],[-0.33436000065998833,39.46187716593475],[-0.33434084832177347,39.46186055683029],[-0.33412777147079026,39.4618243602193],[-0.3340507564786983,39.461812331670274]],""type"":""LineString""}"
CEIP Vicente Gaos,"{""coordinates"":[[-0.34678712976690784,39.47564972310705],[-0.34682852090850824,39.47569796138079],[-0.3468181015650613,39.47577934455706],[-0.3472120526209228,39.47587035781287],[-0.3472491926459861,39.4758284186034],[-0.3473099080923673,39.47580717913834],[-0.3474153598182468,39.47584756449771],[-0.34802947480746993,39.47602572779485],[-0.34842530330126026,39.47614594653739],[-0.348518618241863,39.47617173095164],[-0.3485525780866417,39.476184601870045],[-0.3485675264718843,39.47619575434929],[-0.3487046031358907,39.476198881935666],[-0.3487136197943164,39.47620954051118]],""type"":""LineString""}"
CEIP Vicente Gaos,"{""coordinates"":[[-0.35211478796143536,39.47577509684916],[-0.3520220580579286,39.47601283657362],[-0.351981374641986,39.47610507175754],[-0.35173980695329726,39.47623075588813],[-0.351669387323238,39.47624356864459],[-0.35166670732314903,39.476326756574025],[-0.35161259819569585,39.476358520670345],[-0.3511553446770413,39.47633385129531],[-0.35099951787760675,39.476323545311814],[-0.35092717543240803,39.47632012415028],[-0.35086232638865833,39.47634897376505],[-0.35083862420492157,39.47643689848378],[-0.35076660158113615,39.476525801716996],[-0.3506872956960211,39.476585683815905],[-0.3505555731647515,39.47663964388562],[-0.3504445173873343,39.47667342966438],[-0.3503168797819996,39.476670519352446],[-0.35019837012534044,39.47658361493425],[-0.3501263713403349,39.476552736122585],[-0.3500432941847051,39.476476923021266],[-0.3500035796407346,39.47638996844993],[-0.349990118032733,39.47630517917992],[-0.34990453563983176,39.47625136317836],[-0.349686765788139,39.47624266521878],[-0.3492470883039336,39.47622171072332],[-0.3488090293577026,39.47619298000235],[-0.3487136197943164,39.47620954051118],[-0.34870336004306335,39.476298344420286],[-0.3486939223793894,39.476483592249906],[-0.3486569639002788,39.476920423837065],[-0.3486208545936467,39.47723302427744],[-0.34859134619329435,39.477535688205535],[-0.34858229512656347,39.47760924983247]],""type"":""LineString""}"
CEIP Vicente Gaos,"{""coordinates"":[[-0.3464406330897093,39.47817281975185],[-0.3471687549275711,39.478173502654286],[-0.34757428521210065,39.478159607428715],[-0.34837925944014086,39.47815556954075],[-0.34839104073403565,39.47815111148533],[-0.3484978771447545,39.47815494566451],[-0.34852817356555554,39.47815218840984]],""type"":""LineString""}"
Colegio Santiago Apóstol,"{""coordinates"":[[-0.3300277805005554,39.47426804075065],[-0.33001911464070416,39.4742837852856],[-0.32970485285126017,39.47427022118703],[-0.3297019992204718,39.47427009795703],[-0.32970357249321786,39.4742289750383],[-0.329711530933727,39.474210090045126],[-0.32972385643589797,39.474001430263286]],""type"":""LineString""}"
CEIP Santa Teresa,"{""coordinates"":[[-0.38272464003246115,39.4801880059555],[-0.3824867414870285,39.48013420719971],[-0.3822112669757686,39.480074939058376],[-0.3818598573554951,39.48000245700226],[-0.3817635189136734,39.47997894907439],[-0.381680252303757,39.47996174717151],[-0.38145921702755003,39.47991586124167],[-0.3810557754721828,39.47983052076235],[-0.38123279430700313,39.47919604894725],[-0.381264331196802,39.479071645535235]],""type"":""LineString""}"
CEIP Max Aub,"{""coordinates"":[[-0.3677969833662481,39.48851501899],[-0.36791161960762137,39.48845130949837],[-0.3682754629825649,39.488239220697466],[-0.3684005331191721,39.48816126904146],[-0.36861813259898274,39.48832763585025],[-0.3687404915698686,39.488241044283626],[-0.36885369246771893,39.4881616260904],[-0.3689585038052661,39.48807646571665],[-0.36908401563655824,39.48797394830088],[-0.36951065262252625,39.48763910406284],[-0.36960976418217595,39.487561316545644]],""type"":""LineString""}"
CEIP Max Aub,"{""coordinates"":[[-0.37039416414165194,39.48836512156867],[-0.3705706395621224,39.487967006164936]],""type"":""LineString""}"
CEIP Max Aub,"{""coordinates"":[[-0.37485144473368537,39.489058883542285],[-0.37449739918817254,39.489032943310164],[-0.3740396427775179,39.488999403432544],[-0.373213163795711,39.48893884263714],[-0.37318258833357365,39.488919111395035],[-0.37305665066846005,39.488908710435844],[-0.372984018254465,39.4889174554652],[-0.372461676454539,39.48885957141478],[-0.3720107452664222,39.488809598152386],[-0.37196971437562204,39.48878844997701],[-0.37179246840813135,39.48874415743495],[-0.3717430831302706,39.488755312138906],[-0.3714265766065464,39.488661455837494],[-0.37141140566126823,39.48864635447885],[-0.37130486526643225,39.48861531081217],[-0.37126456640237754,39.48861544234507],[-0.3709402769657847,39.488522179804505],[-0.37057768540801617,39.48841052307339],[-0.37039416414165194,39.48836512156867],[-0.3695958017158154,39.48814382170187]],""type"":""LineString""}"
CEIP Las Arenas,"{""coordinates"":[[-0.3313549051469512,39.46712981431304],[-0.33089723489424294,39.4671245385112],[-0.3305461165910821,39.46712048875712],[-0.3301297073520948,39.467098532128226],[-0.3296864748027896,39.467075159484146],[-0.32923490849543874,39.467051344981336],[-0.32885569032584244,39.46701749295361],[-0.32881653769753943,39.46698960734488],[-0.32856444742778146,39.46697311112064],[-0.3284559321359242,39.466966009466226],[-0.3284635162524651,39.46689681115873],[-0.3283267486379971,39.46688472309155]],""type"":""LineString""}"
CEIP Las Arenas,"{""coordinates"":[[-0.3273332305251736,39.46711760792172],[-0.3273563054848082,39.466953895005254],[-0.32735750550015885,39.46694537962259],[-0.32753723793616096,39.466963173863],[-0.327583254828813,39.46696773018316],[-0.3276067225344363,39.466857292173394],[-0.32763994046774036,39.466852007588976],[-0.32764627527296747,39.46684331299328],[-0.3277579144479078,39.46685937344976],[-0.3277937582436301,39.46686392007434],[-0.3279356055576179,39.46688191187708],[-0.3280431417101645,39.46690408473564],[-0.32831927083936147,39.4669355586283],[-0.328341987644913,39.466781142373044],[-0.3284308422022973,39.466092512432176],[-0.32844377397895147,39.46599229655906],[-0.32847266062605374,39.46581658490226],[-0.3285168116810304,39.46554802876213],[-0.3285794051392354,39.46516728733469],[-0.3285871254993565,39.465114808741994],[-0.3286118168363107,39.464946962503944],[-0.3286506840177502,39.46468275584442],[-0.32867840813424953,39.46449429072765],[-0.3286938403951164,39.464354275819005],[-0.3287241165449066,39.464148462659026],[-0.3287571963895315,39.4639285071486],[-0.32878270277560484,39.463664504984344]],""type"":""LineString""}"
CEIP Giner de los Ríos,"{""coordinates"":[[-0.3969072038229569,39.476911412636994],[-0.3970740453640364,39.47713861176295],[-0.39707729139728526,39.47717185763947],[-0.3971435192182505,39.47725688883283],[-0.3972339114942545,39.47734668545449],[-0.39747238679651187,39.477646072513465]],""type"":""LineString""}"
CEIP Giner de los Ríos,"{""coordinates"":[[-0.4028222422244717,39.48009870315258],[-0.4025651943010419,39.48000207416292],[-0.40234283532240717,39.47984588437401],[-0.40235545124317323,39.47970224235908],[-0.40220238375365414,39.479694602668545],[-0.402181959837691,39.47961749452825],[-0.4021919774166742,39.47953429228331],[-0.4022224666332159,39.47898376640199],[-0.40223819076643763,39.4786998454209],[-0.4021983136688811,39.47858049155536],[-0.4022083384283163,39.4783841305319],[-0.40236058064997854,39.47835817855602],[-0.4023234461799727,39.478295374961164],[-0.40228062681299537,39.478189858663875],[-0.40203958535005097,39.47743759628159],[-0.40197951202719256,39.47744416750001],[-0.40194993139929036,39.47735262064763],[-0.401794690707881,39.47737964018071],[-0.40083696628596044,39.47757385099599]],""type"":""LineString""}"
CEIP Chiner de Villarroya,"{""coordinates"":[[-0.3341829394377392,39.4731877584807],[-0.33416332853931996,39.47329864123901],[-0.33414918822071205,39.473300738398386],[-0.3339807412726977,39.47319789952228],[-0.3337693387402189,39.473160979105465],[-0.3337161687224387,39.47342825095614],[-0.33337906162655595,39.473378671954904],[-0.3332544742623877,39.47335869273818],[-0.3332007849081196,39.473358384934215]],""type"":""LineString""}"
CEIP Chiner de Villarroya,"{""coordinates"":[[-0.33323803623630116,39.47312368305641],[-0.33318627905460957,39.47333962467659],[-0.33320113361649717,39.473358963189476],[-0.3331847704281987,39.473407343834],[-0.3331630307135566,39.47341311320219],[-0.33307943652916305,39.47376716580216],[-0.33309189883120416,39.47378413418196],[-0.3330722513802996,39.47383127550407],[-0.33306082683671134,39.47384598311931],[-0.3330204678843986,39.474001756551765],[-0.33300134896080924,39.47409091590367]],""type"":""LineString""}"
CEIP Chiner de Villarroya,"{""coordinates"":[[-0.33346751473023056,39.474759757544106],[-0.333552002261373,39.47431838013856],[-0.3331054317027689,39.474249315147745]],""type"":""LineString""}"
CEIP Cervantes,"{""coordinates"":[[-0.38045704460154955,39.476332412355],[-0.3805994001082376,39.476306948068824],[-0.38090914987798824,39.47627606121865],[-0.38130737588618757,39.47622988488948],[-0.3817057651383406,39.47618089291347],[-0.3819201740706174,39.47615452526957],[-0.3821112004480621,39.47612015857429],[-0.38242285703036344,39.476041582907804],[-0.38257255804071916,39.476003839591236],[-0.38316121727415237,39.475890313429105],[-0.38314873156365525,39.475840737014224],[-0.38334370996457057,39.475809408549914],[-0.38369324310858427,39.475769219273324],[-0.3840530722872987,39.4757570789911],[-0.3842451652709359,39.475811410003004],[-0.38425550365887245,39.475812473325]],""type"":""LineString""}"
CEIP Cervantes,"{""coordinates"":[[-0.3880176065371481,39.47521372897931],[-0.3879714915428887,39.47521541491391],[-0.38727389334889684,39.47533493242032],[-0.3872215829552398,39.47535613868038],[-0.38700931852090376,39.47533412584747],[-0.3867244869610826,39.47537399734558],[-0.3859535289965301,39.47549049680266],[-0.3854390925291933,39.47557393674868],[-0.38534496415001046,39.475679603832496],[-0.38523041139561,39.47568616668099],[-0.3852381298185177,39.475799984597984],[-0.3852909949961784,39.476860843461495],[-0.3852292962636589,39.47690940989431],[-0.3851350497706449,39.476897444389216],[-0.38483306490129676,39.47686254040341],[-0.38481352901168114,39.47693372973165],[-0.3844592510113793,39.476889460723704]],""type"":""LineString""}"
CEIP Cervantes,"{""coordinates"":[[-0.38410333343748604,39.47684679963794],[-0.3844198564888073,39.476883445326024]],""type"":""LineString""}"
CEIP Cervantes,"{""coordinates"":[[-0.38319571879355224,39.480011866476865],[-0.3832209490407616,39.47993354552077],[-0.38374234372047134,39.47852418395481],[-0.38377180282422346,39.47842943232152],[-0.38380125902611983,39.4783245844538],[-0.3838177616803918,39.47830963472472],[-0.3838275102417727,39.478250249289665],[-0.38381489732697915,39.47823334950312],[-0.38383972905832603,39.478094978471354],[-0.3839264574312794,39.477657566473766],[-0.38394626304601104,39.47764864859924],[-0.38396241466670716,39.477578707542094],[-0.38395323416185756,39.477555244655115],[-0.38404438016777026,39.47705653069762]],""type"":""LineString""}"
CEIP Jaime Balmes,"{""coordinates"":[[-0.3699830028026547,39.46114005510417],[-0.36971700395723006,39.46082552618718],[-0.3695954419453538,39.46079658090742],[-0.36927401189253317,39.46093720016637],[-0.36910449654325234,39.461011359241944],[-0.3690581828184391,39.4611415807027],[-0.3692148433862346,39.46134627193249]],""type"":""LineString""}"
CEIP Jaime Balmes,"{""coordinates"":[[-0.3735138875775365,39.464702321186344],[-0.37341011989045336,39.46460100439196],[-0.373177751029962,39.464360328107944],[-0.37288071144868845,39.464052666663804],[-0.37266587302122084,39.46383014290477],[-0.3725889894925402,39.463756861360174],[-0.37243373478958125,39.463666923531704],[-0.37236626283560925,39.4636416832507],[-0.372296524716414,39.46363234447429],[-0.3721945681649257,39.463624833854006],[-0.37219808580039765,39.46356928765848],[-0.37219744359647194,39.463568934406524],[-0.3720403167882241,39.46351965368279],[-0.37204562844226735,39.4634482808613],[-0.3720128673169523,39.46343087015785],[-0.371795357187958,39.463313231511954],[-0.371653113504858,39.463230111068114],[-0.3715750496118497,39.46315050231572],[-0.3715543891708163,39.46307200622916],[-0.371524794436807,39.462968633870574],[-0.371398448213724,39.462801732289506],[-0.3712068985112991,39.462591958469496],[-0.3711611435713852,39.46254181652921],[-0.37109789774307705,39.462472587459665],[-0.37103741023347164,39.46238087803392],[-0.370982594842749,39.46233469042888],[-0.3709424234597026,39.46232828991487],[-0.37090019618790093,39.46226434962105],[-0.3708665713956478,39.46218072240359],[-0.3707609789621815,39.46205997416887],[-0.37067639898143995,39.46196325383789],[-0.3706247609702243,39.4619378554891],[-0.37058277756852465,39.46187550794998],[-0.3703931692245362,39.46161486530853],[-0.3703183633820648,39.461519744223445],[-0.3700240782952493,39.461183097173084]],""type"":""LineString""}"
CEIP Alejandra Soler,"{""coordinates"":[[-0.3716539585977134,39.461416078489314],[-0.3723991751587609,39.46110113280214],[-0.3725135502249766,39.46103288786695],[-0.3726168215116876,39.461015796021535],[-0.3726951127850998,39.460980537970556],[-0.37279392902042935,39.46093228379774],[-0.3728495933064242,39.4608642545105],[-0.3729163599739137,39.460838421153454],[-0.37294554267727253,39.46082985760418]],""type"":""LineString""}"
